6.9841
5.807553
5.756636
5.612163
4.389104
5.223932
4.38876
7.914019
6.211273
6.732675
5.744287
7.277922
6.57681
7.496363
6.971607
7.478673
5.639202
4.92087
7.218753
4.725578
4.968023
6.220443
6.889351
4.232048
6.040673
5.787774
4.09868
5.692122
5.730779
6.314424
5.401044
5.365768
6.527014
7.651007
5.473053
6.566869
8.56678
4.14326
4.696748
5.242956
2.5942
5.435481
3.827641
5.215058
6.437484
4.860917
3.343767
5.403252
2.92568
5.495601
4.998579
6.034902
5.040517
2.822842
2.678389
3.90076
4.634313
4.80174
4.244934
4.767332
4.586126
3.276402
4.595683
4.599866
3.99441
2.361871
3.944702
2.183708
3.456995
3.618989
2.888722
3.349884
3.077045
5.97125
4.465584
3.656873
3.344975
4.861383
3.442944
3.262049
4.33038
4.586497
4.139193
3.138045
3.991058
5.916632
2.486191
4.099245
5.373825
5.159827
4.862121
4.305097
4.590037
3.884727
4.332286
4.12873
6.394698
3.617684
4.133697
2.711175
3.448242
2.812262
4.084709
6.043044
5.857023
4.468211
4.594504
5.772821
5.678543
5.438185
6.255962
4.855634
6.452912
6.369406
7.133358
4.556265
4.461569
3.363838
4.857406
6.904016
6.911752
5.317918
3.985794
6.515824
6.016254
6.080446
4.120388
5.567069
7.123487
5.196928
4.871479
5.817757
6.437085
5.590108
5.645143
4.002882
5.319123
6.716283
5.970974
6.46522
6.406099
5.536122
7.845684
6.483834
7.078774
5.887182
6.035871
3.668517
5.445183
5.692429
6.187996
6.385882
5.548588
5.896144
5.46449
6.78846
4.34016
5.574096
2.702135
5.011097
5.599184
7.831009
5.431236
3.97853
4.851987
4.100371
3.648166
4.256614
5.000788
5.012487
4.10998
4.44829
3.650179
2.615251
5.729885
3.992612
4.23128
4.040344
4.855417
5.461532
4.577212
5.49143
4.963121
4.056457
3.045826
4.234137
3.068543
5.397519
3.980768
4.493122
4.591665
5.458638
2.901365
3.373287
4.025
3.669066
2.851012
3.265737
6.39068
4.019729
2.778155
4.540387
3.073419
4.852675
4.160164
2.621151
3.940023
5.573171
4.966478
5.542789
6.324359
5.982897
3.188462
5.312068
4.100024
5.387749
4.81075
3.824082
4.033173
5.127766
4.646061
2.71799
4.483235
4.298272
4.672869
3.364998
4.243751
4.435562
4.31684
4.430304
5.404745
6.750741
2.941792
5.213962
6.558041
3.409385
5.865051
5.352471
6.806219
6.719428
6.759851
5.878535
6.312482
6.087135
4.80011
5.85835
6.162431
6.356478
7.504524
5.106618
5.900949
4.338073
4.162039
5.731611
5.513825
6.356997
7.092484
6.60709
6.065027
5.397762
5.90885
5.223909
7.16898
5.526396
7.829211
6.654895
5.187507
5.27707
5.409744
5.76575
6.647755
4.066144
5.670547
5.497276
5.973249
4.849529
5.391819
5.284199
5.392091
4.639738
4.823997
5.009218
5.943442
5.377981
4.415301
5.977995
4.585044
5.311996
4.693994
5.075501
4.920473
6.178624
5.363059
3.695874
5.960848
4.535631
6.676398
6.460924
5.33185
5.722009
5.1694
4.595249
5.303117
5.443442
4.377756
3.216024
4.507551
5.243595
2.160859
3.244658
3.80326
2.763524
4.207068
3.252934
2.626363
4.016796
5.323422
6.131023
2.395775
3.632854
2.145558
3.79192
5.767171
3.286339
5.305638
3.828028
2.666265
5.962496
3.159798
4.946719
4.194508
3.714507
3.650196
3.683781
3.196284
4.084106
4.037363
2.409662
5.637756
4.274661
4.412883
6.103881
5.302783
3.432002
4.865332
5.229324
1.637069
3.852411
4.742491
3.381693
3.286169
4.969395
5.689298
4.183917
2.423385
3.717752
3.115301
6.134145
5.838094
4.157224
4.363374
4.137857
6.135937
5.374008
3.969879
5.855449
6.338765
4.384492
5.739588
5.651886
5.86985
5.336654
6.867355
5.200583
5.74051
6.411828
8.722567
6.655412
6.679006
6.916355
5.68491
5.732629
4.732461
5.166547
5.475816
5.808414
5.645479
4.806018
7.217957
5.53533
6.086753
6.38479
4.887506
4.715954
4.915153
6.662459
5.918041
4.084587
5.775558
4.697496
6.258722
5.261498
6.71949
4.731744
7.107594
6.52283
5.679295
5.436471
4.031212
6.427748
3.295258
6.323729
6.228979
6.655262
4.7583
5.393339
5.553859
5.451094
4.903577
4.576354
6.194252
4.083493
3.843996
2.431142
4.946154
3.179044
5.460396
4.721561
4.67425
4.0589
7.053641
3.753315
6.839086
2.67925
4.442102
4.003439
3.670628
2.105557
2.560286
3.905066
3.457255
4.638535
4.556955
5.907209
4.52288
5.545634
4.576444
3.576077
4.105865
2.245678
4.583947
3.494095
4.265307
4.028945
4.301352
5.035139
4.415854
4.293985
4.417341
4.173071
4.464595
3.281861
3.983901
5.276786
4.347683
4.696384
4.25671
4.475728
3.536516
4.468914
4.521301
4.952335
4.889073
5.425103
4.486424
4.966248
3.784839
4.026024
5.482774
3.067385
3.988004
5.123464
4.977915
4.511554
3.835059
7.557421
4.344417
6.417078
6.817592
4.911652
4.885563
5.945706
5.582362
6.2027
6.540973
3.075356
5.114559
4.194217
4.697097
6.367481
6.249122
6.060175
7.277896
6.258057
5.232134
6.724929
5.625718
5.631876
5.77599
4.435423
5.012386
5.478343
7.22778
6.416045
7.140581
4.846739
6.056369
6.011674
2.944521
7.084222
6.455892
7.793628
6.3613
4.897054
5.505366
7.071817
4.216855
6.87281
5.280431
5.562434
5.903921
3.85096
3.506081
4.691568
4.978992
5.002097
7.74716
4.943236
4.165603
5.364254
5.401347
5.008242
5.897141
5.812975
5.776729
5.34204
3.911952
4.631674
6.485914
5.236539
5.138392
4.591912
5.639369
4.512239
4.657596
5.4391
5.743558
3.911931
4.913013
3.570709
5.617679
4.499992
2.747187
4.2557
3.755959
5.472322
3.884731
5.614527
2.509093
4.566124
4.733461
3.208255
3.366561
4.790484
3.823551
4.44409
3.209508
4.843702
4.864601
4.500255
4.251435
3.436409
5.763032
5.419888
3.677734
5.211819
3.686588
3.337284
4.277449
5.687963
5.377807
4.117111
5.607543
4.23437
4.561742
4.315125
5.654866
4.439256
2.938933
4.626081
5.618295
3.95063
6.010399
5.178815
4.134808
4.181468
3.535491
4.463047
3.436507
5.479194
5.379997
5.646146
3.854074
4.509483
6.134421
4.414331
6.26793
5.178089
5.529817
4.523793
5.742374
4.635334
5.519615
6.18608
5.42179
4.301175
4.727809
5.226312
5.50651
4.96097
6.368885
5.441357
5.437704
4.619261
5.891005
5.786451
5.658645
4.702697
4.472866
3.906963
6.912192
6.787128
8.067085
4.624524
5.867962
6.19793
6.957829
6.350626
9.189278
3.717501
5.982093
4.188418
6.211587
5.95828
7.135039
4.563665
5.188545
4.48721
5.38877
5.600193
5.930757
7.858892
5.014963
5.283261
5.056471
2.185131
5.548363
4.825433
5.536838
5.673065
4.163495
5.572488
5.128192
6.030071
5.929362
3.354946
3.620193
5.164468
3.00236
5.264531
4.522982
4.063725
3.205835
4.434906
5.280431
4.274082
3.081631
4.990941
3.728667
5.303291
5.306859
3.361516
3.598732
3.082609
5.318025
3.686267
2.477662
4.342091
3.462058
3.36747
4.812855
4.674021
4.654228
3.982231
3.7831
3.225613
4.984442
4.194849
5.076188
3.918127
5.025911
3.919538
6.050968
4.805456
2.770844
4.792977
5.8435
5.059757
3.695302
4.193166
3.126324
3.743385
5.37882
4.823119
3.725929
3.380692
5.206245
5.121351
4.780535
4.521131
4.463733
5.561666
4.157315
6.685715
5.385445
5.069006
4.940588
5.348091
3.473973
4.72938
5.099348
7.028359
3.826454
5.253257
5.12641
5.42682
5.704074
4.853015
6.981831
5.357825
5.123033
5.062957
7.782682
5.860095
4.977404
5.348338
5.951281
5.983264
6.041274
5.710923
7.119283
5.103207
5.955287
7.32749
6.421176
6.513548
6.394933
5.354008
6.586537
4.532812
6.965944
4.793156
5.67256
4.501579
6.670058
5.299962
7.192048
6.870864
5.968631
4.798794
6.939572
