0.107447692308
0.196794661538
0.285358292308
0.371699261538
0.439223938462
0.519592123077
0.587111507692
0.708865646154
0.804423692308
0.908003307692
0.996376953846
1.10834498462
1.20952667692
1.32485533846
1.43211083077
1.54716733846
1.63392429231
1.70962998462
1.82068772308
1.89338892308
1.96982004615
2.06551916923
2.17150918462
2.23661761538
2.32955104615
2.41859372308
2.48165033846
2.56922144615
2.65738727692
2.75453226154
2.83762524615
2.92017552308
3.02059112308
3.13829892308
3.22249973846
3.32352849231
3.45532510769
3.51906756923
3.59132523077
3.67198609231
3.71189686154
3.79551964615
3.85440643077
3.93463809231
4.03367630769
4.10845964615
4.15990221538
4.24302916923
4.28803963077
4.37258733846
4.44948855385
4.5423332
4.61987961538
4.66330795385
4.70451393846
4.76452563077
4.83582275385
4.90969567692
4.97500235385
5.04834592308
5.11890170769
5.16930789231
5.24001070769
5.31077787692
5.37223033846
5.30111912308
5.27245987692
5.21749175385
5.18433532308
5.1724874
5.13656109231
5.12057838462
5.0461634
5.04247073846
5.00759241538
4.97547835385
4.91497147692
4.88858029231
4.82622
4.76914987692
4.7207146
4.70451913846
4.69249333846
4.62971321538
4.61841290769
4.63300689231
4.57555686154
4.53263215385
4.55019795385
4.53664647692
4.52240566154
4.52558130769
4.50862615385
4.48022535385
4.44973092308
4.43015686154
4.44598655385
4.40122763077
4.34711516923
4.30462473846
4.25664586154
4.16811481538
4.16721403077
4.18792627692
4.19737346154
4.2262044
4.21326629231
4.24319213846
4.25032267692
4.23494884615
4.25641107692
4.27967056923
4.29581918462
4.34879958462
4.37399584615
4.36719101538
4.34298589231
4.31719083077
4.34849181538
4.41350146154
4.45982441538
4.47034141538
4.4577884
4.49272516923
4.51193935385
4.53492889231
4.54791329231
4.56285769231
4.60168263077
4.62018290769
4.65879226154
4.68760849231
4.75304506154
4.78586218462
4.81703378462
4.83417470769
4.86447069231
4.92045896923
4.92045472308
4.95121835385
4.99351413846
5.02722409231
5.07313641538
5.11991933846
5.17863818462
5.20258898462
5.22488704615
5.21764587692
5.25314030769
5.27931524615
5.28349007692
5.34348532308
5.36578290769
5.37381858462
5.37850570769
5.40814169231
5.40868112308
5.42382049231
5.40562676923
5.41607001538
5.43869238462
5.46078947692
5.48869027692
5.48630309231
5.51923866154
5.52927141538
5.54213147692
5.54477616923
5.52874146154
5.5157486
5.51023735385
5.50798790769
5.47533187692
5.42820430769
5.432692
5.39787123077
5.38826578462
5.35114935385
5.32785721538
5.30213681538
5.30245907692
5.31830309231
5.34290744615
5.33058515385
5.27122838462
5.23003430769
5.19542853846
5.21714738462
5.17814652308
5.15471372308
5.1318094
5.15239786154
5.11138703077
5.05369164615
5.03566198462
5.01716332308
4.97152109231
4.92273112308
4.93504761538
4.91004124615
4.89119929231
4.87921873846
4.82317467692
4.80597007692
4.77050767692
4.71227770769
4.68772233846
4.6527606
4.62941666154
4.60578612308
4.61251192308
4.61169693846
4.60431147692
4.60226355385
4.57776501538
4.56545352308
4.54122072308
4.51468986154
4.48602876923
4.4808484
4.44788841538
4.42293195385
4.40614947692
4.43070543077
4.42550192308
4.39112983077
4.33594124615
4.32062318462
4.32582795385
4.31934052308
4.33940781538
4.38713973846
4.36691170769
4.37019130769
4.39396906154
4.38319067692
4.404987
4.43117610769
4.49565253846
4.51087627692
4.55344918462
4.57879156923
4.61374753846
4.63269704615
4.62252132308
4.64223113846
4.65255423077
4.67399049231
4.72703767692
4.75874216923
4.78438543077
4.80391666154
4.78490927692
4.81184532308
4.82754844615
4.8547074
4.87984349231
4.93685464615
4.97826603077
4.99938544615
5.03384366154
5.07034976923
5.13039966154
5.11710298462
5.1757104
5.23535255385
5.24530824615
5.27921056923
5.28778086154
5.31248218462
5.37442993846
5.37637026154
5.37786835385
5.38603447692
5.39265693846
5.36996724615
5.36087373846
5.39311584615
5.39434696923
5.40265026154
5.39397715385
5.39703050769
5.42963604615
5.4503254
5.4393644
5.45985569231
5.4885796
5.50132976923
5.5074178
5.51361213846
5.53754252308
5.5673098
5.58157898462
5.57202566154
5.59557249231
5.58220150769
5.58105776923
5.63519826154
5.63701192308
5.62414989231
5.65122704615
5.63169163077
5.63093233846
5.60996653846
5.57394081538
5.5194204
5.49832833846
5.48188392308
5.42147967692
5.39754964615
5.36593287692
5.313642
5.28057415385
5.21516507692
5.17700730769
5.14802033846
5.16317955385
5.19347161538
5.14215106154
5.11321304615
5.04842167692
4.99764376923
4.98472193846
4.94197289231
4.9405556
4.90854295385
4.86919458462
4.85063329231
4.81422409231
4.76987806154
4.73202595385
4.70936441538
4.68433558462
4.65778230769
4.61825206154
4.57881130769
4.57836852308
4.52820106154
4.53036229231
4.50423016923
4.49751253846
4.50846733846
4.50875324615
4.47859803077
4.48206870769
4.48830450769
4.43642529231
4.40425558462
4.39447881538
4.37857715385
4.33716444615
4.34307753846
4.34888218462
4.34103484615
4.30023306154
4.28172966154
4.23460161538
4.24646447692
4.27942170769
4.25167364615
4.24902353846
4.20996906154
4.20496926154
4.20561784615
4.178662
4.1892166
4.21603992308
4.20190723077
4.20646332308
4.22606532308
4.26689341538
4.27964884615
4.30462976923
4.35139475385
4.38979247692
4.42992429231
4.52160187692
4.55926870769
4.61197750769
4.67797738462
4.70364067692
4.70993616923
4.68841983077
4.73104709231
4.75940035385
4.81575198462
4.84426827692
4.82948130769
4.88996773846
4.89350146154
4.92825107692
4.98545915385
4.96892084615
4.99286170769
4.99237607692
5.03034455385
5.06424507692
5.07092801538
5.1031092
5.12620476923
5.1596604
5.17849324615
5.24479829231
5.23085964615
5.27444323077
5.30690395385
5.30037186154
5.3024286
5.31164721538
5.33568438462
5.30592952308
5.37803198462
5.41459456923
5.44402181538
5.46520038462
5.49761838462
5.50661013846
5.50294546154
5.51401715385
5.54713975385
5.58523975385
5.60013501538
5.56490195385
5.51248730769
5.52462469231
5.50640423077
5.52675098462
5.50499135385
5.49422584615
5.4955954
5.51402912308
5.47425296923
5.51201595385
5.46493383077
5.44632176923
5.41760775385
5.39197658462
5.31871815385
5.2780982
5.2498606
5.20440563077
5.14157436923
5.10929041538
5.09741661538
5.06059392308
5.05845121538
5.04066375385
5.02287323077
5.00655504615
4.95686061538
4.93802266154
4.90492444615
4.89660581538
4.84754409231
4.82855981538
4.81238113846
4.78208981538
4.77295872308
4.76836467692
4.75694803077
4.72313473846
4.68257812308
4.68102910769
4.67335569231
4.66797395385
4.64393798462
4.62847970769
4.59396029231
4.57557216923
4.53497709231
4.50418433846
4.49300033846
4.48457883077
4.50602330769
4.47615678462
4.50186432308
4.46280447692
4.42891286154
4.41087458462
4.38486050769
4.36323996923
4.35661850769
4.34933883077
4.34330770769
4.33190316923
4.352875
4.35688921538
4.39647509231
4.46395893846
4.46342813846
4.48968227692
4.49714858462
4.51039167692
4.53390629231
4.57209203077
4.51088764615
4.53182986154
4.49113956923
4.52218336923
4.55180458462
4.58635355385
4.62311581538
4.70269026154
4.75957904615
4.77999547692
4.83026738462
4.84545481538
4.86199206154
4.85997330769
4.85862781538
4.850424
4.86429936923
4.92047941538
4.95602064615
5.03132684615
5.0353698
5.0747894
5.10165658462
5.08497313846
5.12778652308
5.14964426154
5.20161001538
5.23341486154
5.24079506154
5.26129190769
5.30140301538
5.31578753846
5.36023229231
5.36028836923
5.37897684615
5.39755433846
5.39131203077
5.37639438462
5.39416441538
5.40201176923
5.40940863077
5.45240593846
5.45323921538
5.43386229231
5.44736736923
5.4540612
5.47288278462
5.5016692
5.50674921538
5.54843143077
5.56926275385
5.55062410769
5.54529732308
5.57567209231
5.59723332308
5.56001749231
5.56382510769
5.55186035385
5.51639338462
5.51248483077
5.52100078462
5.51789081538
5.49219187692
5.47235053846
5.42665416923
5.46576683077
5.45631195385
5.43404995385
5.42725923077
5.38708196923
5.3751312
5.34166283077
5.31607253846
5.25839616923
5.24814986154
5.21751189231
5.18032015385
5.14546915385
5.13030752308
5.12089410769
5.11215109231
5.07724593846
5.04056781538
5.01669944615
4.97607904615
4.96692052308
4.92661344615
4.92278818462
4.96087075385
4.90846324615
4.88932366154
4.82613843077
4.77961510769
4.77008272308
4.77289190769
4.74683021538
4.74529569231
4.72583004615
4.7097368
4.69434153846
4.66989852308
4.69765092308
4.71200746154
4.68504384615
4.67961444615
4.68909441538
4.63068626154
4.64710415385
4.66269203077
4.64377747692
4.62501010769
4.6023524
4.58028941538
4.54372836923
4.53915090769
4.53973486154
4.56641476923
4.55445169231
4.52404506154
4.53785863077
4.52671923077
4.55250412308
4.54540750769
4.56106255385
4.55900404615
4.5636698
4.5466202
4.5713538
4.59093944615
4.61941761538
4.59916370769
4.60266858462
4.64080896923
4.6600522
4.67859083077
4.69238410769
4.7163322
4.71361184615
4.74607596923
4.76645875385
4.7826586
4.82035690769
4.84091284615
4.83602641538
4.83730967692
4.87528047692
4.93032078462
4.97991129231
4.9762178
4.99725944615
5.02720552308
5.08138121538
5.09042112308
5.14841173846
5.14902353846
5.16087390769
5.16859436923
5.21281441538
5.23867335385
5.26093606154
5.2484108
5.2648944
5.24765850769
5.26541850769
5.28139467692
5.30625055385
5.34015864615
5.34901567692
5.38508226154
5.39170364615
5.33888573846
5.36346624615
5.345236
5.35074404615
5.37440953846
5.37413303077
5.40547144615
5.41570444615
5.45560543077
5.46253109231
5.43137646154
5.40020795385
5.42036786154
5.39718135385
5.38379843077
5.38546998462
5.35155913846
5.32121676923
5.30437198462
5.31601256923
5.29342346154
5.26952033846
5.26138689231
5.22358053846
5.22175747692
5.23722953846
5.21620964615
5.19116995385
5.15387916923
5.15937232308
5.11810127692
5.07250596923
5.05565038462
5.03784726154
4.99902364615
4.98404524615
4.96889718462
4.96815150769
4.96060327692
4.95869769231
4.90198109231
4.87424746154
4.8146746
4.82162327692
4.79162581538
4.77359475385
4.72685181538
4.72224169231
4.65479827692
4.64023432308
4.62194023077
4.64740303077
4.62968256923
4.59486752308
4.54960793846
4.527495
4.50526176923
4.51897884615
4.51027652308
4.48144169231
4.44220992308
4.40139996923
4.40303670769
4.39530246154
4.38706646154
4.42212187692
4.42232653846
4.4120478
4.42972283077
4.42529790769
4.43922884615
4.42950730769
4.43289036923
4.39356578462
4.37510452308
4.40194147692
4.4543748
4.43378996923
4.46841915385
4.46629421538
4.48019941538
4.50543555385
4.53077678462
4.56996024615
4.57115092308
4.58421170769
4.61469364615
4.65764350769
4.69043470769
4.68542106154
4.6860592
4.72590173846
4.76258684615
4.80810476923
4.81414935385
4.86696498462
4.90735798462
4.93217638462
4.99164456923
5.03862466154
5.06478916923
5.09126473846
5.10203058462
5.14209683077
5.15363086154
5.21117441538
5.20823155385
5.23096556923
5.22212543077
5.26446283077
5.268679
5.31902530769
5.33163909231
5.34953409231
5.38073332308
5.41375786154
