21	KB742522.1	78.59	5926	889	88	18259	23927	2500	8302	0.0	 4911
21	KB742522.1	78.63	5335	788	100	165624	170757	173909	179092	0.0	 4349
21	KB742522.1	82.27	4117	558	54	182447	186472	191860	195895	0.0	 4046
21	KB742522.1	85.01	3296	344	33	33793	36969	20543	23807	0.0	 3703
21	KB742522.1	80.55	3502	488	51	44790	48153	35670	39116	0.0	 3189
21	KB742522.1	79.19	3623	551	45	29686	33153	15856	19430	0.0	 3115
21	KB742522.1	80.94	3310	462	56	84449	87646	79873	83125	0.0	 3025
21	KB742522.1	79.30	3492	444	68	156887	160214	163662	167038	0.0	 2984
21	KB742522.1	85.35	2608	312	23	59997	62554	51898	54485	0.0	 2940
21	KB742522.1	76.92	3735	577	78	107451	111086	109183	112731	0.0	 2755
21	KB742522.1	76.03	3725	680	60	113998	117608	117739	121364	0.0	 2614
21	KB742522.1	80.08	2892	416	46	24099	26866	9460	12315	0.0	 2556
21	KB742522.1	83.52	2349	278	25	187752	190046	198200	200493	0.0	 2477
21	KB742522.1	84.39	2204	251	24	27048	29190	12876	15047	0.0	 2399
21	KB742522.1	73.94	3738	622	72	98159	101614	97009	100676	0.0	 2343
21	KB742522.1	77.04	3101	490	60	127253	130246	133831	136816	0.0	 2313
21	KB742522.1	79.68	2515	384	32	144683	147173	151759	154170	0.0	 2203
21	KB742522.1	72.72	3874	670	88	162043	165615	169757	173544	0.0	 2174
21	KB742522.1	78.83	2546	364	35	197807	200248	207760	210234	0.0	 2161
21	KB742522.1	77.75	2656	402	38	65787	68286	58771	61393	0.0	 2125
21	KB742522.1	80.12	2424	365	40	121276	123651	124965	127319	0.0	 2123
21	KB742522.1	76.28	2905	463	51	138196	141050	145301	148029	0.0	 2107
21	KB742522.1	86.52	1721	222	5	78296	80007	72503	74222	0.0	 2044
21	KB742522.1	74.33	3187	560	61	193587	196662	204055	207094	0.0	 2017
21	KB742522.1	84.24	1745	195	26	36978	38683	24188	25891	0.0	 1862
21	KB742522.1	75.19	2644	449	60	118338	120857	122248	124808	0.0	 1727
21	KB742522.1	80.95	1722	258	20	41380	43062	30461	32151	0.0	 1600
21	KB742522.1	77.56	2086	331	41	111915	113940	114192	116200	0.0	 1591
21	KB742522.1	73.79	2640	444	64	75477	77937	68995	71565	0.0	 1577
21	KB742522.1	72.11	3026	550	86	178155	181045	186916	189782	0.0	 1530
21	KB742522.1	84.82	1344	160	10	133002	134333	140147	141458	0.0	 1499
21	KB742522.1	80.56	1574	196	32	43143	44657	33053	34575	0.0	 1415
21	KB742522.1	78.95	1615	198	24	39855	41361	28040	29620	0.0	 1400
21	KB742522.1	74.63	2172	372	45	154737	156788	161369	163481	0.0	 1391
21	KB742522.1	79.28	1617	237	28	191486	193058	202476	204038	0.0	 1368
21	KB742522.1	81.71	1416	208	17	89053	90445	84474	85861	0.0	 1355
21	KB742522.1	75.94	1962	336	43	102285	104179	102423	104315	0.0	 1339
21	KB742522.1	71.64	2532	472	57	94814	97154	91200	93676	0.0	 1294
21	KB742522.1	82.28	1298	181	21	50461	51716	41002	42292	0.0	 1254
21	KB742522.1	77.28	1593	245	22	211342	212852	222186	223743	0.0	 1247
21	KB742522.1	81.20	1298	157	28	56494	57716	47825	49110	0.0	 1193
21	KB742522.1	78.54	1412	228	19	181070	182431	190391	191777	0.0	 1162
21	KB742522.1	78.58	1396	189	25	106086	107428	107418	108756	0.0	 1157
21	KB742522.1	80.11	1312	189	26	93367	94621	89691	90987	0.0	 1137
21	KB742522.1	88.00	892	79	7	58879	59745	50726	51614	0.0	 1121
21	KB742522.1	84.14	1053	138	13	82175	83208	76953	77995	0.0	 1113
21	KB742522.1	84.79	960	127	11	136418	137368	143952	144901	0.0	 1041
21	KB742522.1	76.27	1441	250	23	16899	18255	988	2420	0.0	 1036
21	KB742522.1	75.11	1527	251	27	171738	173181	179772	181252	0.0	 1036
21	KB742522.1	83.86	979	108	15	135167	136124	142221	143170	0.0	 1031
21	KB742522.1	85.05	923	126	8	52648	53561	43501	44420	0.0	 1018
21	KB742522.1	74.93	1460	261	28	201224	202642	211679	213074	0.0	  951
21	KB742522.1	77.77	1237	199	26	69211	70396	62901	64112	0.0	  942
21	KB742522.1	77.20	1193	197	18	92207	93358	88412	89570	0.0	  911
21	KB742522.1	87.98	707	78	4	73922	74625	68167	68869	0.0	  881
21	KB742522.1	79.26	1061	193	17	210276	211325	218433	219477	0.0	  870
21	KB742522.1	79.74	997	125	20	161089	162035	167606	168575	0.0	  866
21	KB742522.1	81.46	879	137	9	124304	125161	129449	130322	0.0	  834
21	KB742522.1	73.66	1401	230	35	151285	152620	157799	159125	0.0	  830
21	KB742522.1	87.22	665	73	1	142108	142760	149982	150646	0.0	  823
21	KB742522.1	82.71	798	123	5	53744	54538	44678	45463	0.0	  809
21	KB742522.1	83.31	779	117	9	68283	69054	61456	62228	0.0	  791
21	KB742522.1	88.74	613	58	4	90877	91485	86561	87166	0.0	  787
21	KB742522.1	74.44	1248	232	24	190269	191458	200876	202094	0.0	  783
21	KB742522.1	77.29	938	114	15	175975	176881	184736	185605	0.0	  753
21	KB742522.1	81.85	755	123	5	186878	187624	197077	197825	0.0	  735
21	KB742522.1	76.18	936	142	16	104187	105089	105568	106455	0.0	  684
21	KB742522.1	86.23	581	53	7	71392	71952	65016	65589	0.0	  681
21	KB742522.1	70.45	1462	276	34	152634	154020	159261	160641	0.0	  677
21	KB742522.1	74.81	1060	160	30	87749	88724	83408	84444	0.0	  670
21	KB742522.1	78.28	801	124	10	200413	201209	210227	210981	0.0	  661
21	KB742522.1	80.27	735	116	10	63873	64586	56075	56801	0.0	  654
21	KB742522.1	86.98	530	48	4	70634	71161	64155	64665	0.0	  646
21	KB742522.1	72.84	1097	185	28	149149	150187	155621	156662	7e-174	  610
21	KB742522.1	80.87	643	90	6	55679	56293	46767	47404	2e-173	  609
21	KB742522.1	72.64	1060	193	20	64768	65786	57128	58131	3e-171	  601
21	KB742522.1	76.47	765	106	14	80471	81182	75007	75750	2e-162	  572
21	KB742522.1	72.04	1141	239	27	174800	175901	183376	184475	6e-162	  571
21	KB742522.1	83.13	569	88	7	208253	208820	216760	217321	2e-161	  569
21	KB742522.1	85.08	496	61	2	48558	49052	39327	39810	9e-160	  563
21	KB742522.1	74.52	883	157	19	130313	131181	136992	137820	5e-157	  554
21	KB742522.1	80.63	599	84	8	205071	205653	214457	215039	6e-156	  551
21	KB742522.1	72.60	1011	191	23	54682	55634	45683	46665	2e-155	  549
21	KB742522.1	86.98	461	47	6	72058	72508	65783	66240	2e-154	  545
21	KB742522.1	71.92	1111	199	34	125303	126356	131462	132516	2e-154	  545
21	KB742522.1	78.32	692	132	11	91519	92199	87372	88056	3e-152	  538
21	KB742522.1	84.65	495	65	7	171014	171502	179191	179680	2e-149	  529
21	KB742522.1	86.25	451	54	4	207591	208040	215791	216234	8e-148	  524
21	KB742522.1	72.17	1017	193	26	131607	132588	138440	139401	3e-147	  522
21	KB742522.1	80.10	593	102	8	213072	213654	223745	224331	1e-145	  517
21	KB742522.1	82.34	504	75	3	203922	204425	213926	214415	6e-143	  508
21	KB742522.1	77.38	672	90	20	214550	215210	224759	225379	1e-138	  493
21	KB742522.1	76.59	692	116	17	208918	209598	217620	218276	2e-135	  482
21	KB742522.1	76.57	636	94	10	52012	52592	42553	43188	8e-135	  480
21	KB742522.1	86.67	405	47	4	186477	186880	195967	196365	3e-133	  475
21	KB742522.1	71.40	986	171	30	62949	63873	55044	55979	4e-132	  471
21	KB742522.1	84.19	430	57	3	81625	82048	75914	76338	2e-130	  466
21	KB742522.1	85.17	418	57	3	173325	173740	181271	181685	2e-130	  466
21	KB742522.1	76.62	616	78	14	15227	15807	1	585	3e-128	  459
21	KB742522.1	77.59	589	118	8	38889	39468	26749	27332	6e-124	  444
21	KB742522.1	80.86	465	68	6	83214	83659	79384	79846	1e-119	  430
21	KB742522.1	72.46	737	111	16	196971	197684	207096	207763	6e-118	  425
21	KB742522.1	77.22	562	90	11	173735	174262	182360	182917	7e-117	  421
21	KB742522.1	79.16	451	51	5	29220	29646	15244	15675	1e-112	  407
21	KB742522.1	74.54	597	87	11	101625	102169	100955	101538	6e-111	  401
21	KB742522.1	82.44	410	58	6	150339	150736	156762	157169	6e-111	  401
21	KB742522.1	74.42	649	128	14	154096	154732	160644	161266	9e-109	  394
21	KB742522.1	69.13	946	211	18	49116	49986	39957	40896	6e-105	  381
21	KB742522.1	80.19	419	69	4	203253	203657	213079	213497	3e-103	  376
21	KB742522.1	79.25	429	57	9	123871	124276	128136	128555	6e-99	  361
21	KB742522.1	81.66	349	48	6	111525	111868	113504	113841	3e-89	  329
21	KB742522.1	89.02	255	24	2	160350	160602	167326	167578	3e-89	  329
21	KB742522.1	85.98	264	21	3	117614	117877	121958	122205	9e-84	  311
21	KB742522.1	68.82	760	157	15	72993	73714	66703	67420	1e-82	  307
21	KB742522.1	72.65	607	112	20	105424	106000	106573	107155	4e-82	  306
21	KB742522.1	93.96	182	11	0	139187	139368	135681	135500	5e-74	  279
21	KB742522.1	94.41	179	10	0	128911	129089	146447	146269	5e-74	  279
21	KB742522.1	79.81	322	50	5	177484	177792	185811	186130	5e-74	  279
21	KB742522.1	89.10	211	21	1	206436	206646	215558	215766	6e-73	  275
21	KB742522.1	88.40	181	16	2	145669	145849	135685	135510	8e-59	  228
21	KB742522.1	89.53	172	16	1	128920	129089	152892	152721	3e-58	  226
21	KB742522.1	87.64	178	20	1	139183	139358	152715	152892	4e-56	  219
21	KB742522.1	88.37	172	18	1	145678	145849	146269	146438	1e-55	  217
21	KB742522.1	80.82	219	28	2	111289	111507	112834	113038	2e-53	  210
21	KB742522.1	76.53	277	52	6	97182	97450	93999	94270	6e-48	  192
21	KB742522.1	77.08	240	53	2	206092	206329	215075	215314	1e-43	  178
21	KB742522.1	70.32	374	64	9	141060	141413	148227	148573	5e-43	  176
21	KB742522.1	70.89	347	77	4	143632	143978	151181	151503	2e-42	  174
21	KB742522.1	79.40	199	20	5	174593	174776	183108	183300	2e-41	  170
21	KB742522.1	70.81	370	88	7	141603	141966	149323	149678	2e-40	  167
21	KB742522.1	81.53	157	23	2	80250	80400	74610	74766	6e-35	  149
21	KB742522.1	81.53	157	23	2	80250	80400	74861	75017	6e-35	  149
21	KB742522.1	69.44	432	110	13	57735	58152	50018	50441	8e-34	  145
21	KB742522.1	80.72	166	28	3	90439	90602	86398	86561	8e-34	  145
21	KB742522.1	69.25	374	76	12	150904	151260	157242	157593	1e-31	  138
21	KB742522.1	73.95	238	54	6	134707	134942	141488	141719	2e-29	  131
21	KB742522.1	76.19	168	38	2	215467	215633	225423	225589	4e-25	  116
21	KB742522.1	85.71	98	10	3	148037	148132	154509	154604	2e-21	  104
21	KB742522.1	68.66	268	45	10	33412	33661	19839	20085	1e-18	95.1
21	KB742522.1	77.68	112	16	3	126100	126203	127665	127555	2e-15	84.2
21	KB742522.1	73.10	145	37	2	129410	129553	152463	152320	9e-14	78.8
21	KB742522.1	68.18	220	50	6	132718	132930	139516	139722	4e-12	73.4
21	KB742522.1	70.41	196	52	6	138549	138742	152307	152498	1e-11	71.6
21	KB742522.1	95.35	43	2	0	112063	112105	114384	114342	5e-11	69.8
21	KB742522.1	74.22	128	22	5	137465	137587	144938	145059	5e-11	69.8
21	KB742522.1	76.92	78	8	2	33691	33768	20391	20458	3e-08	60.8
21	KB742522.1	74.74	95	23	1	44670	44764	35209	35302	3e-08	60.8
21	KB742522.1	77.78	72	16	0	33286	33357	19687	19758	9e-08	59.0
21	KB742522.1	73.68	95	25	0	126976	127070	133465	133559	9e-08	59.0
21	KB742522.1	74.23	97	24	1	131904	132000	150393	150298	9e-08	59.0
21	KB742522.1	72.22	108	14	4	80471	80577	74756	74848	3e-07	57.2
21	KB742522.1	73.33	105	25	2	143402	143505	150977	151079	3e-07	57.2
21	KB742522.1	79.17	72	9	3	81471	81541	75817	75883	1e-06	55.4
21	KB742522.1	77.27	66	11	1	78197	78258	72337	72402	1e-05	51.8
21	KB742522.1	73.86	88	22	1	142360	142447	144165	144251	1e-05	51.8
21	KB742522.1	72.16	97	26	1	142424	142519	138835	138739	5e-05	50.0
21	KB742522.1	93.55	31	2	0	58719	58749	97445	97415	2e-04	48.2
21	KB742522.1	70.09	107	28	1	133364	133470	138887	138785	2e-04	48.2
21	KB742522.1	91.18	34	3	0	208053	208086	216292	216325	2e-04	48.2
21	KB742522.1	67.32	153	25	6	77960	78104	71801	71936	6e-04	46.4
21	KB742522.1	85.37	41	5	1	102191	102230	102196	102236	0.002	44.6
21	KB742522.1	88.57	35	3	1	187591	187624	65406	65440	0.007	42.8
21	KB742522.1	80.77	52	8	2	121224	121273	124889	124940	0.007	42.8
21	KB742522.1	79.17	48	10	0	131950	131997	140599	140552	0.007	42.8
21	KB742522.1	88.24	34	3	1	105989	106022	107356	107388	0.024	41.0
21	KB742522.1	81.58	38	1	1	105390	105421	106494	106531	0.083	39.2
21	KB742522.1	71.59	88	15	4	62767	62847	54834	54918	0.29	37.4
21	KB742522.1	81.82	44	5	2	129398	129441	150227	150267	0.29	37.4
21	KB742522.1	68.27	104	31	1	144068	144169	151541	151644	0.29	37.4
21	KB742522.1	81.08	37	3	1	63242	63274	756	792	1.0	35.6
21	KB742522.1	79.49	39	8	0	212075	212113	20778	20816	1.0	35.6
21	KB742522.1	86.21	29	4	0	109350	109378	21247	21219	1.0	35.6
21	KB742522.1	77.27	44	10	0	31681	31724	44358	44401	1.0	35.6
21	KB742522.1	84.85	33	3	1	114385	114417	57204	57174	1.0	35.6
21	KB742522.1	100.00	19	0	0	58689	58707	94291	94273	1.0	35.6
21	KB742522.1	100.00	19	0	0	165115	165133	105623	105605	1.0	35.6
21	KB742522.1	92.31	26	1	1	207530	207554	140848	140873	1.0	35.6
21	KB742522.1	100.00	19	0	0	174717	174735	201067	201049	1.0	35.6
21	KB742522.1	100.00	19	0	0	214280	214298	219110	219092	1.0	35.6
21	KB742522.1	95.24	21	1	0	59883	59903	15314	15334	3.5	33.7
21	KB742522.1	92.00	25	1	1	70099	70123	15834	15811	3.5	33.7
21	KB742522.1	85.71	28	4	0	54602	54629	45600	45627	3.5	33.7
21	KB742522.1	89.29	28	2	1	209335	209362	75444	75418	3.5	33.7
21	KB742522.1	100.00	18	0	0	81789	81806	100808	100825	3.5	33.7
21	KB742522.1	88.46	26	3	0	173625	173650	104071	104096	3.5	33.7
21	KB742522.1	95.24	21	1	0	114352	114372	118119	118099	3.5	33.7
21	KB742522.1	86.67	30	3	1	119236	119265	124362	124390	3.5	33.7
21	KB742522.1	91.30	23	2	0	123381	123403	127061	127039	3.5	33.7
21	KB742522.1	95.24	21	1	0	149163	149183	150108	150088	3.5	33.7
21	KB742522.1	85.71	28	4	0	142364	142391	152461	152434	3.5	33.7
21	KB742522.1	87.50	32	2	2	13767	13797	162618	162648	3.5	33.7
21	KB742522.1	91.30	23	2	0	161492	161514	168039	168017	3.5	33.7
21	KB742522.1	91.30	23	2	0	189786	189808	173345	173323	3.5	33.7
21	KB742522.1	78.95	38	8	0	69772	69809	175678	175641	3.5	33.7
21	KB742522.1	100.00	18	0	0	42826	42843	184814	184831	3.5	33.7
21	KB742522.1	100.00	18	0	0	29013	29030	186440	186457	3.5	33.7
21	KB742522.1	91.30	23	2	0	125	147	192310	192332	3.5	33.7
21	KB742522.1	91.30	23	2	0	165312	165334	200694	200716	3.5	33.7
21	KB742522.1	84.38	32	3	1	125752	125783	218336	218365	3.5	33.7
